ManifestVersion=1
StudyUID=1.2.840.113619.2.55
HashAlgorithm=SHA-256

ImageCount=3

Image1.SOPInstanceUID=1.2.840.113619.2.55.3.604688433.781.1599123456.1
Image1.PixelHash=7f83b1657ff1fc53b92dc18148a1d65dfa13514c5f63e0a2e4e4f8e1a5f5c2ab

Image2.SOPInstanceUID=1.2.840.113619.2.55.3.604688433.781.1599123456.2
Image2.PixelHash=9c56cc51b374c3ba189210d5b6d4bf57790d351c96c47c02190ecf1e430635ab

Image3.SOPInstanceUID=1.2.840.113619.2.55.3.604688433.781.1599123456.3
Image3.PixelHash=3a7bd3e2360a3d29eea436fcfb7e44c735d117c42d1c1835420a7b7b8c6b6a6d
